000000000000
000001000000
000010000001
000011000010
000100000011
000101000100
000110000101
000111000110
001000000111
001001001000
001010001001
001011001010
001100000001
001101000010
001110000011
001111000000
010000000100
010001010001
010010000101
010011010010
010100100001
010101110000
010110110001
010111000110
011000010011
011001000111
011010001000
011011001001
011100001010
011101010100
011110010101
011111010110
100000010111
100001011000
100010011001
100011011010
100100100010
100101100011
100110100100
100111100101
101000100110
101001100111
101010101000
101011101001
101100101010
101101110010
101110110011
101111110100
110000110101
110001110110
110010110111
110011111000
110100111001
110101111010


